GoT - Chapter_1 - Flair

'ent_type': 
'correct': 156, 
'incorrect': 0, 
'partial': 0, 
'missed': 8, 
'spurious': 7, 
'possible': 164, 
'actual': 163, 
'precision': 0.9570552147239264, 
'recall': 0.9512195121951219, 
'f1': 0.9541284403669725, 

'partial':
'correct': 155, 
'incorrect': 0, 
'partial': 1, 
'missed': 8, 
'spurious': 7, 
'possible': 164, 
'actual': 163, 
'precision': 0.9539877300613497, 
'recall': 0.948170731707317, 
'f1': 0.9510703363914372, 

'strict': 
'correct': 155, 
'incorrect': 1, 
'partial': 0, 
'missed': 8, 
'spurious': 7, 
'possible': 164, 
'actual': 163, 
'precision': 0.950920245398773, 
'recall': 0.9451219512195121, 
'f1': 0.948012232415902, 

'exact': 
'correct': 155, 
'incorrect': 1, 
'partial': 0, 
'missed': 8, 
'spurious': 7, 
'possible': 164, 
'actual': 163, 
'precision': 0.950920245398773, 
'recall': 0.9451219512195121, 
'f1': 0.948012232415902,