GoT - Chapter_1 - nltk

'ent_type': 
'correct': 137, 
'incorrect': 0, 
'partial': 0, 
'missed': 27, 
'spurious': 7, 
'possible': 164, 
'actual': 144, 
'precision': 0.9513888888888888, 
'recall': 0.8353658536585366, 
'f1': 0.8896103896103895, 

'partial': 
'correct': 128, 
'incorrect': 0, 
'partial': 9, 
'missed': 27, 
'spurious': 7, 
'possible': 164, 
'actual': 144, 
'precision': 0.9201388888888888, 
'recall': 0.8079268292682927,
'f1': 0.8603896103896104, 

'strict': 
'correct': 128, 
'incorrect': 9, 
'partial': 0, 
'missed': 27, 
'spurious': 7, 
'possible': 164, 
'actual': 144, 
'precision': 0.8888888888888888, 
'recall': 0.7804878048780488, 
'f1': 0.8311688311688312, 

'exact': 
'correct': 128, 
'incorrect': 9, 
'partial': 0, '
missed': 27, 
'spurious': 7, 
'possible': 164, 
'actual': 144,
 'precision': 0.8888888888888888,
  'recall': 0.7804878048780488, 
  'f1': 0.8311688311688312